6
13
17
18
19
23
28
30
31
34
35
44
47
48
50
51
54
64
77
80
90
92
93
98
99
108
114
116
117
120
137
145
146
149
154
156
158
161
165
187
194
196
201
211
212
214
221
230
232
242
252
257
263
265
282
283
288
296
299
302
326
328
329
331
338
351
355
365
370
376
378
382
396
398
403
404
405
407
425
428
437
444
450
451
456
459
461
468
471
475
483
490
500
507
509
523
525
532
534
537
545
558
560
580
586
602
604
606
613
615
617
618
619
628
629
634
639
645
646
648
652
654
658
665
669
671
680
681
693
698
704
717
722
724
726
727
735
760
764
766
773
780
782
806
810
814
815
823
824
828
833
835
840
844
849
855
859
867
869
871
878
880
883
885
888
901
904
905
912
916
918
921
931
932
933
939
940
959
990
991
998
1016
1019
1026
1027
1033
1037
1042
1047
1051
1060
1065
1067
1071
1072
